[21334.310528] [OS-project1] 7447 1587890126.103986995 1587890126.776367078
[21335.656346] [OS-project1] 7448 1587890127.449410368 1587890128.122184878
[21336.988395] [OS-project1] 7449 1587890128.783883278 1587890129.454234152
[21338.319845] [OS-project1] 7450 1587890130.110777768 1587890130.785663670
[21339.651527] [OS-project1] 7451 1587890131.452775395 1587890132.117433634
[21340.977210] [OS-project1] 7452 1587890132.776568330 1587890133.443081832
[21342.297575] [OS-project1] 7453 1587890134.095615427 1587890134.763460092
[21343.622234] [OS-project1] 7454 1587890135.421756836 1587890136.088098700
[21344.968831] [OS-project1] 7455 1587890136.762807227 1587890137.434649348
[21346.289818] [OS-project1] 7456 1587890138.082853040 1587890138.755656432
